# /Users/yihangpeng/script/gds/example/merge.xyz 
#  Mg           O           Fe           W
-1.091058152808426129e+01 4.305829525586272188e-01 -1.091058152808426129e+01 5.102481229707229726e-01 -1.091058152808426129e+01 4.963939160437794845e-02 -1.091058152808426129e+01 9.547601827776993830e-03
-1.023620204180812898e+01 4.499341036948341643e-01 -1.023620204180812898e+01 5.067104369578498968e-01 -1.023620204180812898e+01 3.837479008498719674e-02 -1.023620204180812898e+01 5.000793541931156973e-03
-9.561822555531998447e+00 4.589589185229918655e-01 -9.561822555531998447e+00 5.034760940304759957e-01 -9.561822555531998447e+00 3.425709559234093454e-02 -9.561822555531998447e+00 3.328881793341651602e-03
-8.887443069255866135e+00 4.477056613765469373e-01 -8.887443069255866135e+00 5.052538905394312607e-01 -8.887443069255866135e+00 4.253111725279959399e-02 -8.887443069255866135e+00 4.529426981145272257e-03
-8.213063582979733823e+00 4.504380199445348065e-01 -8.213063582979733823e+00 5.051051007785731795e-01 -8.213063582979733823e+00 4.093806717759516239e-02 -8.213063582979733823e+00 3.539270959503742261e-03
-7.538684096703602400e+00 4.488885462646238778e-01 -7.538684096703602400e+00 5.059709131165405216e-01 -7.538684096703602400e+00 4.147887953668207700e-02 -7.538684096703602400e+00 3.682001293259294736e-03
-6.864304610427470976e+00 4.404501881733031143e-01 -6.864304610427470976e+00 5.063343126932206006e-01 -6.864304610427470976e+00 4.781062081385220597e-02 -6.864304610427470976e+00 5.424373000112432328e-03
-6.189925124151338665e+00 4.372122654794512453e-01 -6.189925124151338665e+00 5.070292336395921806e-01 -6.189925124151338665e+00 5.157727340478129863e-02 -6.189925124151338665e+00 4.200792390304438143e-03
-5.515545637875207241e+00 4.171812437499600734e-01 -5.515545637875207241e+00 5.082130388369597851e-01 -5.515545637875207241e+00 6.870985374160623604e-02 -5.515545637875207241e+00 5.913927030701014893e-03
-4.841166151599075818e+00 4.009748212851588223e-01 -4.841166151599075818e+00 5.066477607565514907e-01 -4.841166151599075818e+00 8.539693029341241526e-02 -4.841166151599075818e+00 6.997400514269133329e-03
-4.166786665322943506e+00 3.790038350958204738e-01 -4.166786665322943506e+00 5.032958340998645586e-01 -4.166786665322943506e+00 1.088561370108742099e-01 -4.166786665322943506e+00 8.859465411894900527e-03
-3.492407179046812082e+00 3.408524588865768923e-01 -3.492407179046812082e+00 4.936401805908404716e-01 -3.492407179046812082e+00 1.557295314505116879e-01 -3.492407179046812082e+00 9.790733107049816308e-03
-2.818027692770680659e+00 3.051663427811608931e-01 -2.818027692770680659e+00 4.833812631517246938e-01 -2.818027692770680659e+00 1.978757441754546154e-01 -2.818027692770680659e+00 1.358672941259756080e-02
-2.143648206494548347e+00 2.650651374757854728e-01 -2.143648206494548347e+00 4.635708432246971045e-01 -2.143648206494548347e+00 2.558854498534472999e-01 -2.143648206494548347e+00 1.548597284973983815e-02
-1.469268720218416036e+00 2.140258175730335999e-01 -1.469268720218416036e+00 4.377415625741972183e-01 -1.469268720218416036e+00 3.298959961526531370e-01 -1.469268720218416036e+00 1.834053006354653334e-02
-7.948892339422855002e-01 1.602944107462410950e-01 -7.948892339422855002e-01 3.959839107921346302e-01 -7.948892339422855002e-01 4.262635108117920346e-01 -7.948892339422855002e-01 1.745921061262819401e-02
-1.205097476661531886e-01 1.364093150245073993e-01 -1.205097476661531886e-01 3.712496170076350355e-01 -1.205097476661531886e-01 4.726601239134424759e-01 -1.205097476661531886e-01 1.968017173699613404e-02
5.538697386099791231e-01 1.034444304344154519e-01 5.538697386099791231e-01 3.410174310964257938e-01 5.538697386099791231e-01 5.354001539898830542e-01 5.538697386099791231e-01 2.013524977073016115e-02
1.228249224886109658e+00 6.718724705819381637e-02 1.228249224886109658e+00 2.890717825935285590e-01 1.228249224886109658e+00 6.261977518145630528e-01 1.228249224886109658e+00 1.753898067279826764e-02
1.902628711162241970e+00 4.274858843511589179e-02 1.902628711162241970e+00 2.570296385271841899e-01 1.902628711162241970e+00 6.815492325300840371e-01 1.902628711162241970e+00 1.866668741670845025e-02
2.577008197438374282e+00 2.461735320204435501e-02 2.577008197438374282e+00 2.128033413114989170e-01 2.577008197438374282e+00 7.477272164351570494e-01 2.577008197438374282e+00 1.484601939019740587e-02
3.251387683714504817e+00 1.216311497131472401e-02 3.251387683714504817e+00 1.808237116255917154e-01 3.251387683714504817e+00 7.932347928372212031e-01 3.251387683714504817e+00 1.377183933401137338e-02
3.925767169990637129e+00 6.677000265178408521e-03 3.925767169990637129e+00 1.597527141305957188e-01 3.925767169990637129e+00 8.219118054705275567e-01 3.925767169990637129e+00 1.165207816296277669e-02
4.600146656266769440e+00 3.065282377189211191e-03 4.600146656266769440e+00 1.445484990867284547e-01 4.600146656266769440e+00 8.417296323155791793e-01 4.600146656266769440e+00 1.065019440002199468e-02
5.274526142542899976e+00 1.352156810232607760e-03 5.274526142542899976e+00 1.321135183471443819e-01 5.274526142542899976e+00 8.571553294362765918e-01 5.274526142542899976e+00 9.372778311840072873e-03
5.948905628819034064e+00 1.134963839152873391e-03 5.948905628819034064e+00 1.299656305978945103e-01 5.948905628819034064e+00 8.609589976504661291e-01 5.948905628819034064e+00 7.934479645324113081e-03
6.623285115095164599e+00 8.687188880470925537e-04 6.623285115095164599e+00 1.270182202149493511e-01 6.623285115095164599e+00 8.637549610372984299e-01 6.623285115095164599e+00 8.352070628526881216e-03
7.297664601371295134e+00 7.423216722411521721e-04 7.297664601371295134e+00 1.282201938978061451e-01 7.297664601371295134e+00 8.628896136129066141e-01 7.297664601371295134e+00 8.141877674174808482e-03
7.972044087647429222e+00 6.154560113890392451e-04 7.972044087647429222e+00 1.276573298249650545e-01 7.972044087647429222e+00 8.626662597859086068e-01 7.972044087647429222e+00 9.054763717739514051e-03
8.646423573923559758e+00 5.814291961097204286e-04 8.646423573923559758e+00 1.330912785390231667e-01 8.646423573923559758e+00 8.580231831894314931e-01 8.646423573923559758e+00 8.298071840654879655e-03
9.320803060199690293e+00 8.178818328831815969e-04 9.320803060199690293e+00 1.261779019463439289e-01 9.320803060199690293e+00 8.637268906437399751e-01 9.320803060199690293e+00 9.271102017306652454e-03
9.995182546475824381e+00 6.860512697031086096e-04 9.995182546475824381e+00 1.274408959606766756e-01 9.995182546475824381e+00 8.623996275430445557e-01 9.995182546475824381e+00 9.467152623080636945e-03
1.066956203275195492e+01 5.466337110888526592e-04 1.066956203275195492e+01 1.293626364080977253e-01 1.066956203275195492e+01 8.619693953261081676e-01 1.066956203275195492e+01 8.115335240648682835e-03
1.134394151902808545e+01 6.497963067540384139e-04 1.134394151902808545e+01 1.226718263094578737e-01 1.134394151902808545e+01 8.685746067197350762e-01 1.134394151902808545e+01 8.097784069872186394e-03
1.201832100530421954e+01 7.671546305402970932e-04 1.201832100530421954e+01 1.215306218440562330e-01 1.201832100530421954e+01 8.702365242981811022e-01 1.201832100530421954e+01 7.459853024368996201e-03
1.269270049158035008e+01 1.754121591252239204e-03 1.269270049158035008e+01 1.232886055701958999e-01 1.269270049158035008e+01 8.676691210781009023e-01 1.269270049158035008e+01 7.282398103054355670e-03
1.336707997785648061e+01 6.441194612601736829e-04 1.336707997785648061e+01 1.174220909247465222e-01 1.336707997785648061e+01 8.751046442284040605e-01 1.336707997785648061e+01 6.823426942543043237e-03
1.404145946413261470e+01 8.323893639315040754e-04 1.404145946413261470e+01 1.154886786206855004e-01 1.404145946413261470e+01 8.771832770838223770e-01 1.404145946413261470e+01 6.490017741510818727e-03
1.471583895040874523e+01 1.640399298548079121e-03 1.471583895040874523e+01 1.300607170483083219e-01 1.471583895040874523e+01 8.607597862888040074e-01 1.471583895040874523e+01 7.533281643589199474e-03
1.539021843668487577e+01 7.534728068757117923e-04 1.539021843668487577e+01 1.342887241616602945e-01 1.539021843668487577e+01 8.592711773817345300e-01 1.539021843668487577e+01 5.681143886023046208e-03
1.606459792296100986e+01 1.589033372317973872e-03 1.606459792296100986e+01 1.566811854641814161e-01 1.606459792296100986e+01 8.337149606945877256e-01 1.606459792296100986e+01 8.008889941559111866e-03
1.673897740923714039e+01 1.024149831789497112e-03 1.673897740923714039e+01 1.633564874207276696e-01 1.673897740923714039e+01 8.285391237438406442e-01 1.673897740923714039e+01 7.074468107776061936e-03
1.741335689551327093e+01 3.095967858103037445e-04 1.741335689551327093e+01 1.572761938957282779e-01 1.741335689551327093e+01 8.340435930909415596e-01 1.741335689551327093e+01 8.364538152466080914e-03
1.808773638178940502e+01 3.943986980722056319e-04 1.808773638178940502e+01 1.676801105733735642e-01 1.808773638178940502e+01 8.247369891241782547e-01 1.808773638178940502e+01 7.182670129306474756e-03
1.876211586806553555e+01 3.197915832838864157e-05 1.876211586806553555e+01 1.451084615298557645e-01 1.876211586806553555e+01 8.426031156383616549e-01 1.876211586806553555e+01 1.224954461551197755e-02
1.943649535434166609e+01 0.000000000000000000e+00 1.943649535434166609e+01 1.388033775157324068e-01 1.943649535434166609e+01 8.487076666380617418e-01 1.943649535434166609e+01 1.248200942679488293e-02
2.011087484061780017e+01 0.000000000000000000e+00 2.011087484061780017e+01 1.166612776334962354e-01 2.011087484061780017e+01 8.728954856812987106e-01 2.011087484061780017e+01 1.043672764955350107e-02
2.078525432689393071e+01 0.000000000000000000e+00 2.078525432689393071e+01 1.150320713289251368e-01 2.078525432689393071e+01 8.766206305516420771e-01 2.078525432689393071e+01 8.341227237669161798e-03
